"run","fineroot2leaf","Vcmax","c2n_leaf","SLA","leaf_respiration_rate_m2","growth_respiration_coefficient","Jmax"
"1",2.80787182069749,29.578500416387,13.165121550355,12.6213424054224,3.73795260671787,0.330723525019832,111.872253638436
"2",5.13515615906423,49.04176689535,28.5450915037671,9.40239182558517,0.838343866729731,0.352011439358178,88.7987860731699
"3",14.0278522202354,37.7121490416679,45.0721949042198,16.1125948854488,3.65134035142999,0.342360591800372,89.1330315272624
"4",1.08358834956589,34.0942430007129,25.0648268566681,16.8073645413365,1.01676170043202,0.45267168026915,113.089344727586
"5",1.26698375003288,43.9673797052273,38.6348985239014,11.6178849282907,0.768515288495413,0.408494357813897,89.7156936815515
"6",2.55802290966215,40.7551184223863,23.3886327095464,17.8299462481737,0.957617143434683,0.402866676811289,103.33730368853
"7",5.95099250778319,44.2370500738433,46.6308296433102,14.8519394138558,2.84797385631857,0.340331887711056,103.473982060221
"8",5.27798342567835,64.1057056171948,43.0376697780925,21.2521576205174,0.821792987499267,0.352403749946429,105.949874745052
"9",8.4118102911611,50.1342888483499,11.1219042621337,14.7907575193035,4.18002770315622,0.388574425368026,118.895700512469
"10",2.59196019303227,50.9493084103813,22.7621054781372,8.69771161252659,4.6032635289573,0.295396981798201,107.195896608762
"11",4.45715023497629,59.897797418058,19.0422460893698,13.4632993132937,1.63821614153595,0.356947164700069,89.7958843848384
"12",4.54532347863834,35.7375690068024,37.6852681997027,21.31372639765,2.32347565240811,0.406599411029788,97.2292252109965
"13",3.01072765557595,27.550062580755,30.7327498163982,17.3100287415514,1.93500788147914,0.387499740014162,98.2712074804969
"14",2.42989768083575,41.2598013881049,62.9512919435405,7.37047764370343,3.22899029178436,0.293897430467373,102.38078270187
"15",1.65298781772299,48.2807799722297,33.2837952652923,26.3353512985376,1.98662412841626,0.405639346753669,106.489141976445
"16",11.1135324345506,35.391628997683,36.6709158293275,13.5206522465603,2.60810510271771,0.397755168823679,101.87749689196
"17",7.74945023784066,51.0436767155091,13.7677199943433,23.406521033641,0.859065279352041,0.304551265198538,100.480254925915
"18",1.45986592573492,56.4943285691255,32.3093208935817,10.0539717545576,1.03539268993762,0.346122028189461,93.3726421780468
"19",1.50136339709703,27.0262332137087,16.0384247723732,8.55657734096575,0.664784425861852,0.443065547068297,91.3975218246891
"20",2.56455422177235,40.5967188073442,25.3057387965398,13.5889636122816,2.60905102726691,0.355538191006162,106.606688011025
"21",5.18543068544924,29.0120932981023,17.1300887803622,17.7858261238036,1.7847469041384,0.409672126951789,107.132888315994
"22",3.02985692763203,39.7949238617712,26.7478207301886,12.5955304922155,2.28090271690488,0.389184978930731,97.0475604105263
"23",2.86395616983072,46.3022328596014,45.3215007913619,23.6307301768802,1.80600483808376,0.343413356248697,92.8819336962123
"24",8.40519984391474,31.7457847021456,64.2206221367171,16.7550217617897,2.16017908134891,0.344465000664269,116.386968244779
"25",3.18812662195295,74.0329853917975,45.1203320687373,16.1146992012877,2.63960667812299,0.380080390479495,99.3211745650108
"26",0.763042327997517,101.284126500243,32.2554877320986,54.154304458573,1.22309266828459,0.346373507461314,109.384997617962
"27",3.75752004711712,37.5025600766217,12.8511227013,20.600611699635,2.00765652591418,0.339352540398668,107.407316953446
"28",3.61604049723403,27.9641755936656,27.8833510543,10.4682173783218,2.69986600996481,0.248328902419538,110.175655933525
"29",1.06017950492218,96.1934969500313,30.849747058035,10.4620611550041,1.58180838661001,0.417166365207329,99.7438619574836
"30",1.10537639963481,31.5098816828486,20.5974835760553,13.9196334118646,1.80969121410403,0.376027943201808,104.006043281857
"31",1.05101022489217,43.4645643571166,28.5649913159271,6.33367432908423,0.382610253391099,0.400420590939667,90.1105982373119
"32",10.033129755023,63.0627930821765,21.9065896961288,10.8831318544531,1.60367972722369,0.385785999888503,105.262459012804
"33",12.4819472249619,52.1205223152949,21.0933196060031,33.811993428655,0.473209789570412,0.42480564751007,90.3376036252727
"34",0.494220051736541,23.4795287799812,37.421450724692,27.671612596422,3.15103840455109,0.28415120248737,104.328360205887
"35",1.23436389369286,69.5424384859393,17.2871106361397,21.5210013901909,2.00936446698826,0.284892495536779,101.05975860482
"36",4.31267701249944,61.4042930616786,34.7224052070893,11.4846497748585,0.959868753029484,0.338418465284199,92.3274354357084
"37",0.628591523919806,41.881539042501,20.0949960039204,33.5410881717958,1.90425686934562,0.355198899818883,104.332161495699
"38",1.36830118608349,46.5147071436491,26.156068640875,16.346843789998,1.45322364590929,0.312960209208501,89.0666870132135
"39",3.85208385347002,52.2113467906691,53.8915059621739,26.8593190651088,2.79867694544263,0.414904085588423,101.925924737373
"40",7.504565058291,52.3063201341974,16.2270035269603,19.9490324318033,1.7185604884057,0.437772008377997,93.3899556090697
"41",3.86421757379499,35.5202153042596,45.8880054044057,15.7429667600664,3.12562172793445,0.385852087180571,89.2907895305426
"42",1.91071100669549,50.8044254755744,29.3372760799804,10.9932734456975,1.90854471442814,0.348095054993904,107.963378382987
"43",3.00051506001278,45.6773791992482,23.5452116018995,2.35337320839153,0.842580267114053,0.260966618722725,93.8117044795414
"44",1.96999652038896,62.7746617486205,40.9543606200216,37.2011943788671,2.16622875217001,0.393668266878871,100.760754413662
"45",0.945416936638904,20.5266085849202,49.0303263401464,12.0010983307439,0.593681925271716,0.331044588396599,99.7518978431227
"46",1.20812110146462,52.8271601376605,15.8660605827906,23.0193052398014,3.09413067783836,0.342024569284299,105.044524699802
"47",0.882427772355338,34.9255925721492,12.6919860957557,15.9892091256134,1.13759202386866,0.380416764323339,120.076899252749
"48",7.83814049174364,58.6045147051092,29.6892171987305,13.3540064253316,1.85427587905515,0.35707622599423,91.6408612271508
"49",3.1943309609669,66.5043686709533,35.0089648901941,15.6299907761345,5.04801759173884,0.371496212661667,96.1682155080751
"50",2.56679362046718,48.3814540251065,31.3002864769089,34.5614317196914,0.666100943033816,0.320918100151335,114.548252773727
"51",1.57149036950417,38.3073671665716,48.058683980162,16.2882570614027,0.753657036986149,0.317958662704673,110.46928423274
"52",4.74936782797112,38.3420281317364,11.7395487177376,5.25942873802895,0.515556231247468,0.307003932533188,120.082550369385
"53",3.43447246768999,37.6398102516084,45.897254059314,6.12610663490853,1.68818619220254,0.28539200573346,97.9222103355464
"54",1.01679970569967,64.2376249727377,38.044715700162,8.13775472279967,2.67148843662397,0.362636120201703,100.263309350605
"55",4.47317196702279,68.122897522257,32.8267390369688,17.6700422408378,3.43204093029345,0.427541118975004,110.3844274863
"56",3.60608367325138,29.9180833085713,30.6791133274155,22.7167308415017,1.94515001428521,0.279064366639411,95.7024329634715
"57",0.355516820357349,64.0329591181287,17.6777696149209,6.0050717473669,1.25855378489566,0.29950258638339,103.314102629497
"58",2.82759326718876,35.8929135346043,16.7849062744335,3.58474047666374,2.89796416490093,0.324067699411517,110.443126652391
"59",0.715060120813366,39.169398541916,7.97408537742185,12.3082155605041,2.83774295415851,0.320933586669915,94.1963513054837
"60",1.60988141883807,42.8558708943489,22.7521662261732,22.0683598610865,1.91667736980249,0.281900829845997,91.8396000169007
"61",5.58509350737204,41.2421568244895,21.0811319826715,9.80312688074456,1.03004396951805,0.23651121089445,117.81392092738
"62",4.21188873097134,59.7849193975156,42.2632181588461,38.3544631916155,0.96173371899383,0.360916140032341,111.143010591745
"63",1.03013495427684,37.7980983521934,10.1378146437381,4.5129243524182,1.46970560372828,0.405110763869554,94.9787044630874
"64",2.08084724512409,36.7135073455337,24.7578272814633,30.1072238654559,1.69365162529555,0.410542393133736,109.762391093035
"65",2.01731128213118,30.4215047532657,16.6320236124347,27.683610475109,1.05004482902237,0.471587042349063,112.109714521251
"66",2.44879240898143,40.6765930966221,47.7997940675281,37.3116499349535,1.65818795764566,0.338422654082671,90.9936398994922
"67",2.48222588765441,44.6353133281062,37.5696740548257,27.5681934171999,2.43412437955263,0.321685558709135,123.708207724637
"68",3.93682137016491,76.2842421472296,55.4331797697134,7.40178042850651,1.50650049396014,0.348903413113536,104.734820336058
"69",1.42182361720819,44.8735770979685,71.1432017206655,15.3571525245055,2.95374688696984,0.278616186726471,110.973731529935
"70",1.98040174997656,61.4387146352908,21.3766777713645,23.7878619923507,1.27663366127851,0.422448201349077,108.281301237452
"71",2.16237422857392,87.0633806563726,31.7089930873315,8.19139316243129,5.62207110778243,0.361486959207387,102.140974570207
"72",1.73552410899386,27.9665812685396,22.751603366496,7.62224492622316,4.21528084382248,0.288847563601384,114.63791700489
"73",3.72579765253087,32.9067649022274,29.7907490855939,9.65031264232312,0.561384514406567,0.467737081748311,91.2863908712781
"74",3.08170129627886,29.8044168222826,13.1090079176655,13.5677837534766,4.54523360454685,0.266686532782523,101.651750551384
"75",0.847182393411223,25.2270088319479,70.1259210167607,9.77329650466435,1.35879166849786,0.386643486404164,111.642902234738
"76",0.597877765417939,50.6792927691275,28.8586464773847,14.7256813674849,5.50061043694126,0.347418039923182,80.3123783485418
"77",4.57553080260267,43.1844695266836,17.6052487164006,26.9180556151938,3.83515717826563,0.384622495772165,89.1643043373738
"78",3.8562343916272,37.5543091778975,45.1774870624766,14.0656890850638,2.75297292277613,0.317801256278998,111.415390361801
"79",1.75594096258184,63.9663181036551,9.11267156722141,6.98791463593486,1.15320496377776,0.380698643680733,112.327411323585
"80",0.472325765421175,34.2469344900613,43.081360151824,22.0541755050896,1.68809099603164,0.345320205553041,114.481249649818
"81",0.530030560653962,53.4002292480247,27.8665452714668,22.1909355055638,1.70167504406965,0.353862575969833,92.3411080146573
"82",0.771261871762959,52.0453528380284,30.6230395826428,19.9363716998508,2.77110807872448,0.371137204913212,112.062279450065
"83",2.34579078173384,51.5805433772359,43.0924824958517,23.3414024565698,2.28520807102003,0.349097488008755,102.784174212246
"84",1.1598423014877,47.7179445915131,16.5729162839943,19.8582525625449,1.20991921510343,0.287712982684335,89.4413650940699
"85",2.58372246969881,68.9873005046145,51.9052068277524,20.0820320426497,1.86977826034046,0.461139070675817,91.6386100004165
"86",9.00655392626983,24.3577290187643,19.3741295783618,9.5087533704759,2.54187996026926,0.398514165160469,92.4123350010288
"87",2.86153696721836,38.3092969454243,24.9716607929797,0.880369787248669,2.10568271613384,0.36202454564406,100.055438665246
"88",1.1142944640158,44.1873391817233,23.8007287537009,13.0100429774048,4.69047226840849,0.344582134387848,111.183245960452
"89",2.14076288001421,45.8511148194562,28.3879047383759,10.3993261173269,4.71359466718984,0.290935139013505,99.6382219685944
"90",0.839679378718557,30.2144089985217,25.4776169461218,6.54749630630803,2.76433556789114,0.312686549237187,99.0316535264704
"91",12.9262044536807,27.9509320968805,35.4859212427424,17.8268502501583,1.4461226095276,0.450017967963155,98.2396723238746
"92",3.94723771923789,28.349532377307,23.0242221215994,12.8148264162443,1.08037396409777,0.360433396084162,101.628485498933
"93",1.18581175671339,31.2698432249488,8.22160508522247,7.10457189992537,2.70879826385565,0.334365450166324,125.876350590272
"94",1.60746772578001,40.6281544451397,23.0440419013509,20.6122481769526,5.56697394803482,0.284598074061946,109.057038216386
"95",8.06214533431556,53.2996381308776,47.0373157584032,12.926937076528,1.67404509879423,0.35685585404808,95.5553616984016
"96",2.33851769323179,38.6073778862127,15.945860770722,22.5418256184042,1.80262120118448,0.339765133997486,110.4057925632
"97",1.12192315049112,44.093181760332,55.5224891915417,8.68552192007887,5.39943720217586,0.335340540561497,94.9677834403564
"98",2.10012885931246,57.8248515898665,35.6456318793571,13.8828471268795,3.05814513639284,0.238740417849213,104.344857829055
"99",2.17880201429112,50.5717760142101,20.8474985437057,21.6293479716146,1.53125013431403,0.403092228071609,89.732691573579
"100",3.03766348276729,34.919984495442,48.5569629007364,4.83698034121558,1.72438950792461,0.364117635366884,118.202926088244
"101",2.52111291659262,39.968518416383,25.918881459263,10.0896369588686,2.90480860298414,0.433312647731452,105.843890342978
"102",0.438976392279148,63.9685863642734,36.2437964259168,26.6950867001896,2.36569280394101,0.27304879907164,96.0186361315402
"103",4.65159116447671,33.5544822763377,13.7026864468456,5.07607043813992,1.47101095689763,0.351675364585676,95.9078034528285
"104",1.03732570636559,38.1679374126878,31.7270807031272,14.1942159687931,7.27410291829517,0.360644958813346,106.193719623902
"105",1.91046862058063,41.3478891004467,22.2738966462336,24.753170966497,6.34324116896921,0.471311370288387,104.29117683446
"106",2.70325144794524,33.9829388453023,20.4096064821657,2.76230700502364,0.924509975611602,0.340176750121097,111.615753680839
"107",13.8315711487343,40.3061866816172,15.5495166658191,4.92548260872186,3.81312509841412,0.354667114830157,108.928723316836
"108",1.04842942600391,52.0217032192949,54.7625202984084,13.4465840937295,3.19030578182699,0.283300419109521,95.7543539645089
"109",4.96135375551943,32.3673755673274,21.9797572353759,13.707600394677,2.84224899395284,0.4338794252216,95.5137441753811
"110",2.42590417022631,58.8239203872056,54.5793180585604,9.45078115809173,1.68813339191603,0.237981793157141,104.695203180744
"111",1.80499249110672,86.200402007766,42.7126496749563,19.9970913756845,3.30603315546487,0.439418038785334,92.9879479986647
"112",4.39376595204838,51.3709297989033,22.7619002231858,6.45656175167463,9.71354602907886,0.294173385330322,103.53667546146
"113",0.486559101312429,48.4787436995516,12.7696498385411,29.7796388296049,1.44353839992636,0.362369452835874,108.125036498658
"114",5.96329451645915,29.6144005585239,17.989954986728,14.2860421659867,2.13351691023912,0.321879518512212,99.9608846048579
"115",2.91719962882933,52.7806145772736,16.690921969182,20.2132547934898,2.64131988785054,0.337526266984067,105.118256636783
"116",4.66084168127345,30.8960676120669,15.825411850257,13.8802438613828,11.9393138872667,0.255435648998231,100.057625032682
"117",1.24722031098004,54.8222081004199,24.3443539355205,21.208036701405,2.99992528826361,0.417086956033427,79.7654576976768
"118",3.20357716022485,52.3843649573492,15.1902195713675,7.12300484444298,8.15384921453858,0.386742410103528,82.4953654313589
"119",0.826903819715057,40.2274109322515,43.9156526901772,14.5645511561446,9.52053980298169,0.420797286976749,109.431194446215
"120",3.43178836182671,20.2992965741014,77.5536881487227,18.6184981046096,4.94232071430565,0.402241221219502,100.255335166405
"121",0.350604927564548,56.0452166855385,15.9480155411963,11.6810750490223,1.1968755692596,0.330676921635747,98.0979065557814
"122",2.80837680827234,41.0359924101276,54.2598516922862,8.80064383449618,0.69961957638135,0.331452180118058,100.916611070927
"123",3.08825667877853,40.6790444205667,99.0429556339783,9.89495222544606,1.90422511064101,0.280060708715525,98.8667250759516
"124",10.3082398270898,51.1247834686389,12.402278263399,11.443865048282,2.28669370150953,0.303413977514308,126.037894658721
"125",0.301803795465888,38.9474165425464,49.810120594303,36.0770960867433,2.47909411411476,0.33922953531873,91.3913658134904
"126",1.05934334266116,29.5726221888468,31.8446797284572,17.0795973204513,1.85898900211929,0.361552178540388,93.6127771969214
"127",1.82792454957746,31.4976874171081,18.3401522854372,10.269583354962,3.31745421132192,0.335762986044484,115.590133303929
"128",3.76399476604695,63.2386841447441,11.7792191020855,19.6263647132262,1.73439598514093,0.334634853536381,98.4283561933023
"129",5.55963884751861,44.866110703092,13.1434572680111,5.111487750217,2.28367056413129,0.396668159044505,100.537254524501
"130",0.961368486652554,45.2134157851911,14.9448590896259,25.0300567300026,1.60807801638894,0.463027255220152,100.151354877626
"131",0.598479069283146,55.2716124351538,17.0957362424589,34.3288300064202,2.44177994167116,0.272174472435486,107.487689485925
"132",1.42586022670026,19.5834765875885,65.1106120481883,19.5923215437339,2.68820223601169,0.300338057629757,101.165935893341
"133",1.65541010807047,85.6298319269574,32.7391203887602,22.093682269437,1.82048601759603,0.30959819731007,100.235014731446
"134",2.37974091310528,36.223116707049,31.6532526114293,17.0796057156016,3.67129836985345,0.402965352465233,112.061567652475
"135",3.4085624469736,41.7190973497831,8.13606477609377,2.93670700022075,3.03222790477405,0.475585038785124,86.4209560890183
"136",2.64807293320809,49.6198866343899,40.8997089660238,9.33076628578979,1.00558122816965,0.418345592052296,106.209742489227
"137",11.4158780439889,46.7411422347841,9.63711068063193,9.80227200666616,1.668488523219,0.442679100589818,103.266537290854
"138",7.30488207337054,45.6257362368824,32.0330416799668,28.7995615451672,1.61754518737324,0.31413494770475,114.379435073041
"139",0.502545986487378,35.3541556052152,83.0735224129289,29.44823228554,2.17972932117936,0.304111519338179,101.695566097565
"140",3.55725193530006,87.9452243246572,14.9738802464669,11.9136908649349,0.830038658771965,0.301689147382907,105.016603319451
"141",2.04547664002914,31.0813314246933,30.9222196899224,7.20630985463951,2.29034064347069,0.364909191950112,137.06193807794
"142",0.580947698387795,32.1703363742909,68.4058326490293,10.9108668371043,1.18632965842419,0.415221015382574,96.1479276977162
"143",1.73072774215706,39.7129884265536,23.121692317616,22.9663728507871,3.14832016455079,0.304118056464284,114.968949145165
"144",1.20216360820679,26.7213103706535,22.2304895333635,10.8745016546321,2.01990522778177,0.251742006823951,113.767264062958
"145",0.616133984368825,71.2200819931216,25.8437718302067,10.7867022790806,1.6368520702947,0.381866858001783,104.621580334872
"146",2.34643344815203,42.9175682928966,40.6441391840587,26.5649301532396,1.61207045637496,0.437535080422348,126.329697733131
"147",3.06633892731345,43.3825097916723,47.4942878847969,10.8878353430038,2.16430824933567,0.29519015985242,99.2646752928672
"148",0.841581332972807,73.7248610332753,23.871666080452,32.6736586277029,1.64478130344542,0.348743979824819,122.662079525359
"149",2.55916204079183,38.5558510612212,44.9339958041123,15.0484234912507,3.87668420436133,0.38386811038713,92.4026000708428
"150",7.83433088541977,35.4321422223998,32.2014694795576,10.7030796520793,3.48853537089786,0.449403760525028,90.7855635853295
"151",2.55785015018907,45.7316161934402,38.5814802940054,5.59897716646408,2.71703089333737,0.355225274928444,88.8819542333372
"152",7.89337685727427,57.023192559043,11.5496887576198,16.0907741097099,0.945933107229104,0.340882792599035,100.820359953397
"153",10.6751045063907,60.8564943251777,29.5310894985561,13.3315894550867,4.73824072178535,0.336643270333898,107.326159541142
"154",2.47630613055088,40.8392412964631,87.7490423748018,21.6700556420836,1.4744265892479,0.411349330825636,103.344363251788
"155",1.46125355648394,38.9398763829288,35.6721774721295,10.613460545135,0.625327867108391,0.364941772860678,83.3409340522087
"156",2.20153899245182,38.1368727069111,12.803898455512,8.71093114292815,2.785453993123,0.28920713445668,95.2439830289466
"157",4.963642681082,76.0512663580418,11.5654611743287,13.6357343112756,1.33807434392265,0.364474229703493,105.457875661179
"158",1.71285710236555,36.8926122412168,53.8439163629576,13.4898400690695,1.02248767402579,0.322590784366375,105.165584990952
"159",9.24072983952667,34.9244768995816,28.9960131318593,26.0039225028985,0.996437924215076,0.329636778743646,100.794084613439
"160",3.23228748849449,34.986417934479,35.7618937157002,23.8610342549972,4.62544799949834,0.366496450283737,101.506041998818
"161",4.75832974108999,31.0248480162532,29.4631217819596,14.7915762298072,1.7515093839635,0.45493166607174,114.045999144136
"162",13.6655724552278,57.7062765212068,62.5255912144198,20.6077483919136,2.35419657573591,0.372978522585875,109.765225010979
"163",10.5631658646227,24.3518299052942,43.7507448080157,3.93240954551654,1.65876228460049,0.291435263939577,94.6584888607803
"164",2.37877965385418,55.5608603028541,15.071167572652,21.4130266551075,4.01700480090634,0.322987027157238,99.2622926766358
"165",3.91736152797107,48.407402097691,24.1687484670925,10.4380195004428,1.48899229463889,0.366308836288825,94.2524732086839
"166",5.25178853515841,33.8077724786733,41.2596897193188,26.724265410796,0.409193932441379,0.316541863395573,109.888317097619
"167",1.31943886495794,29.7106286035414,19.7138272632398,14.215063963582,1.56901234768195,0.246281848958323,101.629963926173
"168",2.04894361284291,53.2113730853508,63.3333782943964,5.97356585605905,1.59956273834423,0.280970771735889,109.315561495217
"169",2.31463497987763,38.7499861250909,27.9707119070793,23.4753153293333,2.02132703050015,0.311622196752165,107.919149533539
"170",4.92730887599421,51.2462891712784,49.0203170515056,19.5350207896927,0.51929223998655,0.341065467571627,83.8809718084926
"171",1.26530943304688,50.1914683127599,34.4821968403914,6.36619181764661,1.84624937255543,0.439836050045066,104.142630292468
"172",0.562955671732562,73.3430868518702,16.871353463273,22.8053585095609,3.31910873996997,0.290200318883398,83.7144705838247
"173",5.14637191843119,50.799329534654,11.9837886316488,11.0391654596715,0.607301101211212,0.363758129490679,108.610886401682
"174",1.48894603670378,28.5485778052949,35.1573952785454,11.7355574480135,3.48981696352142,0.427481151487527,95.2473679646927
"175",3.25092757674427,26.548092813642,19.48240334294,12.5313407158207,1.59154949156522,0.338018474655537,107.901667983126
"176",4.89694331278611,29.7138145543219,50.9305837100603,13.6801369442948,2.32094065426981,0.365294906122377,87.1301888148188
"177",2.78260848563087,54.2612953474549,38.9277680168203,17.8811301574099,4.57825591736665,0.354217743391238,93.9358096619207
"178",3.12264739195188,34.0371736001793,49.5783454812672,12.158191614961,1.40831498574282,0.409075634154806,87.9741472929656
"179",1.89313825956081,58.1978089653693,41.7768721144428,18.1004034777856,1.81258605902605,0.340034593558974,90.7521032727983
"180",2.79641855266336,51.9275652055263,62.4439956758541,9.04020535981658,1.55681446055888,0.318397733525088,97.8867291194102
"181",5.82334835348384,40.1956991246919,23.4311126479799,12.1888611001305,2.69583059967085,0.44184344029358,90.7036222017498
"182",0.98150937164812,71.5045082151256,17.6952220491274,13.0467650169635,0.959341141786663,0.359807371444183,90.5228504921154
"183",3.03682358251492,39.4745917545044,11.3196040101367,12.4251573886263,3.56239540547365,0.378966649191202,104.122204463946
"184",7.64475043328732,34.3057207879713,21.6154688942042,4.48476233792597,1.92047274737651,0.353458366583087,97.8265718005227
"185",2.97846017836762,35.1756157557732,36.3732074143332,8.56562490413866,5.26410221325669,0.293212279555332,117.566483341503
"186",2.56207872227482,61.9143553801157,25.0685999723544,11.7603919590787,0.76199953747941,0.33871361970942,120.956758221172
"187",3.39422368416713,44.3089887534049,71.8581510173014,7.9825665789412,6.88356934149215,0.371029904585434,113.008157719797
"188",1.60111562616247,44.4456247059125,16.116217505261,5.58507412275379,3.92781216512922,0.394651637194625,109.020885413732
"189",2.79362747184045,47.0068934301691,22.4737302628556,23.9269463337645,1.47363067938994,0.400694737653991,93.3927809329389
"190",8.61760346075233,48.0183201461066,67.8970260078061,15.4175728463098,2.51761872951865,0.329539698241736,116.003048681178
"191",3.44150594367479,42.4825024739939,22.818036910728,23.4454394762806,1.90299027081618,0.276440058441795,92.3579300654537
"192",2.39240766275054,48.0296574633247,19.2983646528476,12.1314834700228,1.69921884672893,0.282667850176186,100.865223473928
"193",1.53086357958857,49.3753197289106,25.4858053555128,16.1363610792345,3.48148136643661,0.335434621205644,112.457001813469
"194",1.19545953461376,31.299525301925,29.6893876662148,15.3888825960185,1.17036192517218,0.3660299677398,101.637822632534
"195",4.7323647057045,41.3333663084317,25.8962402832362,12.7707004489839,0.764631969198904,0.320916583172916,101.780993545902
"196",0.959254178165269,37.3151666163266,50.172052168303,9.12990543638719,1.94144448297838,0.367921057079373,108.995427442461
"197",2.44297829632242,42.9522421395348,16.6263290871193,16.0471698526667,2.52646095543014,0.29450006098905,91.5850130298631
"198",1.42403419634829,50.9839693899686,48.716736971822,6.51734853743691,2.6395196356247,0.325237516727884,101.84712021822
"199",4.34844551023407,47.2803286277262,40.1137098181852,15.100619967283,1.56848101186109,0.355098709553982,97.7474138944912
"200",1.0159017651834,50.9151098978454,55.5696401711328,13.8960095771935,2.76703606818157,0.379922594134229,72.7257756072515
"201",3.97135937389798,34.1176220625041,48.3335411801633,15.2791655249481,1.58018769298457,0.353177484471807,97.8500201258949
"202",1.70486651631698,57.8648060292767,58.6992843227185,15.4450567722725,2.03430019775016,0.475261085994922,110.784355413537
"203",1.79909890096183,47.0973893731548,17.2092659794795,12.6668029021009,4.43520268780308,0.290749783281429,110.63131903047
"204",0.774706580224848,50.4737273241867,49.7634006350175,17.4210435913887,3.30092142660948,0.494334168315999,109.705786311841
"205",4.43420500917055,34.7806861427156,28.6496382785385,18.4163059305539,4.53839506671478,0.365919025730065,102.732644827536
"206",1.20576647199935,57.9792262642107,50.9771048476034,7.07417118694207,1.99681591525905,0.280063216723408,105.095888449885
"207",1.09003061979597,53.7176442041715,41.3057393209257,5.92613732180091,3.04060937717876,0.246649108779994,78.6850483442921
"208",4.51251795330893,56.2910158482515,14.2705218657663,20.6298028599833,1.05688160668723,0.288024448680143,117.497723250664
"209",3.25329238920534,38.0227567349935,23.9780825128328,21.8748977775891,1.24309368078122,0.328252662405515,124.783255073324
"210",3.57221599916826,29.4914656025383,41.6600880932632,17.8271212406542,1.64935940526464,0.330103258900328,98.1475222777547
"211",14.7970043525027,37.7332955443612,22.7662622647718,11.4814233837436,6.77632482406992,0.350830943510813,93.7566287410245
"212",2.01854423265642,21.1968343363595,9.2325204873148,6.82430959298881,0.830806729644926,0.311232905545918,113.595745881976
"213",6.35736648947676,31.6017991756355,23.863296152956,15.7911660503414,1.14656117668343,0.364317065008582,108.183475634708
"214",2.19736612021556,40.4582158079366,32.0058215717196,8.21216672063872,1.67076653838639,0.386755164775754,102.049483224754
"215",9.71223648749224,43.8112611516828,17.6335203675806,24.2916414755224,1.07138156381333,0.410376796540982,100.922813609576
"216",1.00616549478712,41.1513014961757,45.9884460379708,6.79869201099298,2.17564559755887,0.332035523733541,101.796127553277
"217",7.00357283862561,36.6630660166166,20.3446907665804,6.37320294604803,0.46481503922212,0.303370618063733,111.391946406897
"218",2.35982040486301,23.8683573583569,34.6352393837577,20.7728714463261,2.0768212589885,0.370024567882715,81.9870317256185
"219",3.86422849265058,53.7537326022869,27.6065231903561,12.571370811292,6.69770790479755,0.318740342813364,93.9575536073595
"220",0.781995381973982,65.1096598255709,2.2448382703437,7.0601057013218,4.43404214662244,0.337862234582411,107.300872959592
"221",1.15123102177505,42.3964342414042,86.9604572993598,12.0354754978861,1.39722339144785,0.280779150506193,102.283795641052
"222",1.7622920795314,54.4194990263786,28.3587465412405,17.746550805638,0.783164308088814,0.308929344386633,106.764254643785
"223",20.6673311887433,78.7831866163837,20.9912820191676,21.8504888337849,6.63161786529853,0.43867538098188,95.0757165056268
"224",4.10770416609756,59.1716006542217,18.962278174226,6.64809305783358,1.55339098489564,0.359137942559418,114.144209151432
"225",0.924926271628717,43.4752487848319,23.4289675663046,3.71883157757704,1.31729896854406,0.323890493945046,112.754825262205
"226",1.84621431634552,36.7766125126417,28.4558966299456,12.3428531973863,1.2184141588538,0.227074394132283,73.2773432109577
"227",4.39087866916893,37.3945482073239,22.0801180019559,38.9088263410228,2.51614546205445,0.313374470725112,108.243297833199
"228",9.48474590984624,39.836541053893,14.1185019242569,6.76666255563753,4.7104015372344,0.358926277300915,120.963326672077
"229",0.680100814106497,49.9845952568055,43.6013634360375,28.7740052131544,2.3921903011036,0.346951377605749,101.537325705029
"230",8.41019155822332,43.4789400781256,5.45020980401886,14.43359416997,1.88365807334093,0.330443442171241,95.770659846289
"231",11.2146487188783,38.542125957926,37.000193646507,12.5580725560289,1.18444215541685,0.41362920330736,102.742633369564
"232",4.20868598354668,56.7486801297398,18.012783775036,9.99633985578749,1.46728457126417,0.311996339527643,105.240957747993
"233",2.84450791696979,57.8350978813165,26.4003139964847,1.81603782046391,2.64519025898719,0.379184196782259,112.942091827302
"234",1.59557494676578,58.1064294535091,15.58773001148,16.4373070515848,5.36554194995273,0.402436313749728,80.7900674132698
"235",1.83359705464714,63.2006219137242,33.3998856751404,30.7205651337633,4.91109060968511,0.359325968303077,97.874506906532
"236",1.83428597782924,56.8531181785199,20.1129909358377,6.78100704235169,1.91615218202886,0.424410648390668,101.128088992854
"237",1.16322106934331,56.4307474309701,17.5410168872973,31.9846924311914,0.996426992849114,0.440220986624233,98.5398211974706
"238",1.92765904546307,29.6772606256072,27.6144655779624,9.77756156494637,2.80745264559135,0.387064363208249,107.174078177254
"239",1.96492079554587,46.4912030242729,15.537145663017,18.5174491365989,1.68100166050861,0.293529358756518,84.4390074831167
"240",1.21364220907611,36.1489785032642,32.2485527538945,26.5062214432266,2.03898915960355,0.388548777483612,96.2110191651229
"241",2.2737904007424,49.0505140967179,73.1265705468235,10.5740233481526,0.945914426008202,0.356643617739062,116.601311866464
"242",10.2084190371309,54.5376529565422,12.0575219625305,10.6236293618771,4.74130523201378,0.444206325742144,110.252799767299
"243",0.709011609983556,42.3204113659284,37.065512407015,12.7225353045303,0.726163926125985,0.273606391941066,97.6242261163931
"244",1.05934893490708,45.7378335158399,38.4090358804263,33.2284401573707,0.671282845313586,0.397000174772176,105.50467062351
"245",0.474297204691183,28.5609854511022,19.7141816730282,20.952137372936,1.70550513780881,0.402963527173137,108.516973170638
"246",1.82536098757075,40.5049984496031,44.2531611921102,9.13761200712059,0.728711202065137,0.286505336281453,93.8794149084916
"247",2.90949236913229,78.2576546214782,45.8207023629941,25.6530005668456,2.48682563667493,0.288210232212351,100.830481661384
"248",2.05137544961101,27.2909874267287,24.9521904334619,25.153165665753,1.36255812399706,0.319446327689368,110.225894060003
"249",2.229518250402,37.0581471391753,37.5387986152275,23.3933058728379,1.39642515425561,0.359079153401966,109.964356577012
"250",4.47469751938163,54.3784980040783,20.2118624125169,16.1878125972774,2.68340480704862,0.281645844224454,111.309075790692
"251",1.56883225457592,26.8078645930618,12.5550852937879,11.7257494335295,1.80311802371011,0.293463359450031,106.95348471062
"252",3.48979994691008,53.163856790169,69.6412947745916,19.2357385761023,2.94342599804492,0.323175754180647,103.327781377781
"253",1.38990699770664,35.2560677569502,32.6953634745025,15.0433941388799,1.8824440827224,0.441966028153372,102.253567218418
"254",2.92712858554317,36.2689872347663,40.2125505745988,13.6833005156361,2.31951924767272,0.339651625428716,113.258278093268
"255",5.20480005390757,45.5366759988348,16.6313659450087,18.9615571730341,1.88474058811371,0.398498094507262,90.144043325361
"256",1.40018847817332,51.6087258163019,25.1291355287335,11.1406165745017,1.58793930624532,0.288872253338919,119.069436224161
"257",4.12108677027371,38.5221653526801,37.5923323163395,8.50950561900531,0.853512398887191,0.203159223090797,91.4952873915653
"258",2.3685999466393,49.6799059767047,16.9659032122882,23.0643873469911,1.20048459564485,0.415376800408747,78.7059604557416
"259",2.134744508253,39.6404976632415,26.8334748212406,19.8904066951076,1.09390831688851,0.32296647815394,98.462720261753
"260",3.72633786069953,45.1400282584622,30.4974212731246,11.2479191670211,2.27432381679468,0.349358318590535,95.2861257939636
"261",1.20688929020309,39.636699464012,36.5256809084493,12.4779961254301,5.26276248735089,0.327698411476185,88.4642601415853
"262",0.819375484749302,51.4352126031189,23.5969477482866,18.5993557987463,0.469723832894653,0.366637208067857,115.521096326868
"263",1.5608307765873,43.6825669030525,31.878906387662,9.50343458812649,1.42673157339693,0.381933334814831,93.5497808572947
"264",2.8726199886155,44.6710034445121,30.179528167963,33.3382669240523,1.01731332660992,0.313225321262257,90.5966497072077
"265",3.03582489555161,57.942469830204,60.0734115232265,25.8062470447013,1.06866763210784,0.310977454320272,85.5255572370484
"266",9.18558813295503,46.1610650460234,16.9616086220943,14.6697227160538,3.57486870886119,0.301915283754403,97.8843905638503
"267",2.7286222916057,34.7329269792387,45.2539141254514,10.6091554186755,4.19977155591021,0.361684804334879,107.817719207157
"268",1.10894170088474,30.4605228355136,52.0626118530667,8.25149456202717,0.768061199695131,0.422385167490947,101.40498912413
"269",2.195840441343,44.5368865871774,44.1101162487633,25.3063658876125,1.1454240339387,0.456458399624512,97.9664317151207
"270",8.96485720297017,46.7397957662418,23.0022283304729,13.3824461680753,1.13490117629149,0.241786440553775,97.8968749258195
"271",1.44462548548998,35.8445345517202,26.594038488168,5.22350300670024,8.05889601145124,0.328193810569308,94.4026329078993
"272",4.50394240613532,50.5397217267599,49.7669704561999,18.839652566326,2.24416059766803,0.332561154411341,84.024870555344
"273",0.789756157679919,31.1144640163832,28.2430221229603,17.8887460469155,1.0531924549165,0.425359399624975,101.068884473664
"274",11.2049640391825,30.593567124548,10.8234550853279,26.8080282029203,1.22819134452688,0.301639044927367,106.658056439786
"275",4.76891157062579,24.4488994924518,14.0358160381069,11.2367947833779,1.88471838690288,0.401250819913339,107.116012729613
"276",4.40165688474689,51.3860143162497,68.9759020206152,10.9147047649318,1.08713755098653,0.330401792804147,96.814726223093
"277",5.48977624002551,54.3110991234918,28.6988125019974,23.8801332564734,2.27237465530809,0.321496006673468,97.888057567091
"278",3.0252818469135,60.7063519533585,30.9979613435541,22.0561994935514,3.81783865967826,0.33878739003651,105.459815843152
"279",1.01871756188661,38.3405843534434,11.2719200159258,16.4683364105273,4.36624807727595,0.316220125398909,106.310257470028
"280",1.62093091511056,35.0490212301978,6.56865295769169,7.14759627457445,0.392346568334171,0.300488883933118,101.800696103984
"281",1.97875361576469,51.1563442179415,14.2630817001529,5.72945347013914,2.49638128267723,0.342142529821867,97.3250271298536
"282",1.23718329939492,29.5584909795735,16.3003039156728,17.8775506110485,2.84780761952491,0.385944686671593,82.0202714521434
"283",1.65716758252264,61.8328442697527,30.8443359896316,14.1515201572307,1.68689060500742,0.32618282966998,96.8000823274399
"284",2.39328072709461,58.7721410559381,32.6599098668037,30.0450603433192,1.21485688598775,0.470176544434676,84.0536811692389
"285",3.84512211719027,56.8138625522299,32.8860784862966,28.4084696735423,3.3622823028012,0.438547306298353,93.0188870135107
"286",5.30834495211289,28.7493253194131,43.3946269873696,38.4423629674077,1.84786724264204,0.370648181791746,91.2937640374893
"287",0.951194698708403,28.3769296768477,14.7241368552928,18.6472381546606,1.32975836609473,0.358615387844051,101.78917513085
"288",4.89775611819067,36.4026523606013,31.2757949999698,5.05560779213281,2.95153627409772,0.251499005249783,99.0362018812665
"289",1.42961257199009,35.6269429370209,22.8241913392182,13.4669324944486,1.79587595145553,0.407152762938831,114.146769879005
"290",11.9112360459226,67.0878383967089,33.8051959134415,11.3019522701623,2.73940614067534,0.313224203987695,122.885195756146
"291",1.26945228519763,28.2103243505369,21.4590201639961,37.3812258929601,3.54229471473069,0.489945524035284,93.8022968871408
"292",0.513837827119984,49.2132890329403,28.8693790653318,19.1764671705639,5.06460851493378,0.414134900567715,99.3968338782645
"293",0.738932892797119,77.6472501609047,40.3972850000217,7.08423755463075,4.19947542930482,0.324097557609505,114.468030766259
"294",18.3549942004693,30.5624282489268,36.1792627227602,12.140869786635,2.00811594343116,0.349055311634345,86.8397511645898
"295",0.458965421765661,33.3358174710713,32.0447488823119,17.5535222893677,1.8738522391163,0.366375390148947,104.73777153577
"296",2.47483298075666,50.6805437027814,40.3074102119149,12.8535024850409,1.40794225112823,0.311368349256982,110.202117195291
"297",2.72156889227987,65.5948497313902,14.9890179051654,5.56764427278876,7.94636968279307,0.324265856033387,95.1271483183136
"298",1.30299349404884,31.7658364485244,28.9667454566366,27.5441866839701,4.55059653762727,0.345171683113272,102.071100084455
"299",2.01779899178177,54.0921943282745,39.5850912788393,2.5732859732195,2.59972012211416,0.366062950738747,123.055788094318
"300",3.25467574625826,47.1221836869473,46.8893326089508,5.87690083628214,5.85133516259713,0.280589813966713,88.9955978511539
"301",8.99510776767872,41.2219541324068,14.6028149714305,27.4943610509333,1.76652435361727,0.370593744581292,116.090218875228
"302",3.05969476613724,46.4093068190791,20.6323488942057,15.7387312668516,1.25800798521685,0.376402785912952,98.8997070485741
"303",1.98917852973717,74.0581467257607,31.0364438883175,29.6682166221573,1.63814270784859,0.364540055676511,109.689439352665
"304",1.55787006256602,62.6123677251808,26.5681363075153,8.02573428369733,0.886700145583798,0.342194233974252,107.545743978616
"305",1.2428121542284,43.9673718084704,41.6536278052618,12.8926480666337,3.28409819308486,0.368767587853798,95.0216749941118
"306",2.4189323894587,44.9550023567817,12.195100217939,7.26721991444397,2.76327378412666,0.369622026054722,112.802123118569
"307",0.709647555580646,45.7042563480802,80.9436730851254,12.2463077482679,2.69598505851574,0.255929091860694,98.8896758575846
"308",10.5456852990485,74.2111930096999,42.2276654610523,6.8047527297621,1.60701929631825,0.334403919014029,103.213077240368
"309",2.18485416897467,52.1797786516809,12.0779355792465,26.4831902982429,1.00394292867506,0.363255276048444,95.920353813926
"310",5.45863545920484,47.0705293015657,36.7508972239161,38.6079557939583,1.26298817154745,0.35528562778389,74.5764186477615
"311",2.44355478767226,26.73092304025,20.702662047481,14.9590802471842,1.08401044847317,0.373596808696296,117.242978065423
"312",1.14677948238372,39.8428615131802,72.7963151094428,6.05654766132789,8.92239486554216,0.342693619186447,113.35808507152
"313",1.17550411886121,31.8732598088542,16.9079613381895,19.6615698803825,2.17197090327371,0.347967902995694,99.4597666605173
"314",7.47168084465128,54.9614555363763,29.7117125991051,12.3350237031527,2.89487808997743,0.357278238834665,90.3335989106654
"315",5.60559965313526,76.945186636921,32.6951806260188,21.9413806759634,1.29108429517452,0.347761493275852,106.788981809532
"316",1.89744603215557,33.4028613302584,36.3677580419745,10.2362193600376,0.643614678094486,0.308481175493278,66.8540877368479
"317",7.97934730903804,42.1234564994995,29.8439712588836,13.8972350149494,1.24232573689514,0.370185726016049,87.9677665466609
"318",1.08547983000081,31.5246910851224,19.3233224590964,36.7403578832812,3.68332181894158,0.315059344688179,105.975594582836
"319",2.017299147524,44.8056874981268,51.8203045206956,10.0622756865838,4.84576774298243,0.309918061308959,98.4022022722941
"320",4.70195741458364,28.1715884049728,64.5771123586407,23.1113633822126,0.669678858380884,0.382583910587436,98.6396545978189
"321",2.10038576703077,27.4344256505366,34.6299961865216,10.6358313167095,2.03616568761206,0.357300141144517,125.173456264677
"322",1.896718829078,29.9427101461992,23.5763239338261,35.2847343545203,2.2069908803881,0.377360520775406,103.89207903631
"323",0.339242631797569,33.6985778688063,15.4054250374016,19.4686624549427,2.67205312111385,0.25676767323354,105.208352436399
"324",3.9560071378987,64.5876695180096,37.6661410529597,11.6342042357779,0.777622740869135,0.386592349443312,86.8842792200298
"325",0.23617769000217,29.4495303217745,39.7864247337885,7.47438642362058,0.95040094835525,0.45229818910791,117.443340543088
"326",1.37071737898282,43.4464140315534,24.3048766501542,13.8665988871403,4.5235602718244,0.318417253689966,97.4014694678216
"327",4.20729364990186,27.542275956067,20.185989391162,25.3082697852233,0.526901353292799,0.316192512374307,88.2392507008874
"328",2.09580860446667,47.7374990543897,32.6152640561663,15.7914620113119,0.64584529259873,0.311746015531337,104.386225470931
"329",3.62748716973114,40.048417675197,11.767489863741,25.8037238722559,1.26992414035025,0.387510855305918,104.476777004
"330",4.36499155954044,40.372073304498,31.1939834203271,7.42181951503982,3.8408241891506,0.340371392426251,113.70273432443
"331",13.9526167756239,19.1014922459083,47.1676285264113,2.19168560171848,0.930418539922608,0.438594267563956,95.8377937034187
"332",3.85064163185618,19.7947037698436,17.5803123347772,19.3801265548773,1.0066570075305,0.27292836116882,88.1664288718163
"333",4.71163636409204,52.8836719697481,54.1465266663671,12.3667996229573,1.6307542304177,0.388706255038006,98.9418913653997
"334",2.5347761231127,34.1178145239197,29.1340383114421,12.6477028519043,1.85643300997796,0.356729274790386,87.2276308355102
"335",0.682212750740417,66.4694086926653,15.777861620682,25.0936208243404,2.47016831255277,0.354039396679284,117.214648447041
"336",1.19312737692567,44.3584124389533,41.7955812814766,2.68688402227637,6.02485713001463,0.304822334894014,89.8861552140857
"337",7.13672472603083,39.6953757273528,30.1044530332768,25.3067562992345,5.59426261083824,0.479112834692007,107.497021671043
"338",2.1790137794815,36.1239106316457,35.8666000298204,8.96320386205622,1.56349356632012,0.296239376873918,108.72817592233
"339",3.44483677850691,22.9498799610092,30.618664430371,17.9367808910326,1.05053090045165,0.408322361959427,96.0645250970323
"340",1.95995801053951,32.3927291116062,21.5854072323338,18.2036283811143,2.07919596344886,0.276276411738287,103.047255046018
"341",1.95093253679527,42.2491328195528,37.5553958525954,32.5148082443169,4.62590185315259,0.348747682270314,112.246987657393
"342",2.79337759145221,35.6114142500877,11.8575148347093,13.5805204071384,2.04134761769265,0.312592651538602,97.7675183963553
"343",0.358552643427733,44.4920266935163,23.8211323491812,26.1322181238939,1.59385064025541,0.379921579247793,106.266718396705
"344",1.67922086180732,51.5574966705019,48.6161564334033,20.9214802969012,4.79564020790482,0.323457951287254,88.6028145384969
"345",2.25517109275928,35.8384550813686,33.1205728303769,20.0398456812459,0.995227407325658,0.421831131237957,103.222322139115
"346",0.971415133635426,38.6893015650945,15.8706746190907,19.6680958271145,2.03220279514188,0.350753221629066,104.316781266771
"347",7.36416060309629,58.6466955870893,30.7601809926483,13.4463163933023,3.03124333802949,0.441697197078903,111.790138510111
"348",2.00795909001634,31.7559442744472,20.7273536566594,7.29528862363898,2.47080227629539,0.450401560416602,105.857580288679
"349",1.67720333994151,44.363282125141,58.4135595823633,11.1335812665107,1.8441303474497,0.365377437273853,109.581843891566
"350",1.05665623213997,49.9736965705616,43.9633362883625,23.733793871893,2.62139154984383,0.33096381097035,109.976481809793
"351",9.23951875297086,68.9777586732581,26.3811957053549,9.99638472440959,0.965836051502413,0.407474215547772,109.620605225164
"352",0.777635848170724,36.3553670829171,26.5131298175732,27.2743152791645,5.24743847724501,0.310536330373723,110.420296641481
"353",2.68731743622321,48.1882746177756,41.8052114921033,13.6985393084594,4.06182194636243,0.248144231023092,98.9251326564739
"354",3.0218871921916,58.0598142811201,37.4397954501484,26.2175539686613,1.64777444669744,0.424818591570078,104.840148419025
"355",0.746065239004867,38.1133202298512,80.391658323219,14.7972547628854,1.25903088999652,0.238781666156265,114.648657305679
"356",2.5986131746797,28.6437433919781,44.9914818320407,13.9095741383439,3.34594366399904,0.387581395469758,83.2940610133197
"357",4.27557419555359,41.3028056090648,22.1681648443644,24.8008617427608,4.3024102441504,0.312672136440539,99.0737264972331
"358",1.26199899873716,57.6737209589669,21.9659023639057,19.0077282103492,1.79249386925968,0.416886074040817,103.84562647743
"359",2.05642893752628,23.213225885182,32.6497594009261,13.5052863354355,1.81466735008447,0.481208543153427,99.1289161493264
"360",1.47276402939073,48.9261528085375,43.9165912224036,19.2377410807483,3.24138193315965,0.379035167399637,100.537057306242
"361",1.65791758569474,56.0837604191445,18.1572936210053,24.9982668960091,0.872903283521412,0.411611159931235,94.688220244736
"362",2.74036486917675,37.2838184249854,29.5412813364778,11.8438886064673,0.992357566181547,0.346288337736838,96.6933598818568
"363",1.41765182321038,48.1811692905729,43.616507023709,35.4719211238714,1.84070965219705,0.442777531623953,112.670182722282
"364",2.5530100188136,88.8118838880229,12.2193912859345,33.0254291549894,2.25095295483948,0.369425355516855,97.9398846922782
"365",2.24028637799692,63.0749505633198,27.2750684746392,8.26568358169754,5.53366858025996,0.332622033113626,95.9021353972126
"366",2.00056105251041,42.0632821988861,110.25907992223,8.76478581017195,6.40276762278928,0.394339153149245,82.2666626136466
"367",2.33643671861988,43.1530117846743,30.8968533175727,22.3601351326031,3.51121943109871,0.286529552652198,102.628831285652
"368",5.33834515960691,30.591493272917,14.0072891721172,23.4705586518779,4.74044913946271,0.371930181241812,83.9270312485846
"369",4.71719928100185,39.0568616843404,21.445956155483,12.0078344767494,0.61724813983281,0.375098857152368,105.114706712604
"370",2.548682193111,41.305496779785,43.1979541266675,26.3209039820321,2.13285710880261,0.296944503108346,100.490444098226
"371",1.72850378656998,46.3958987289894,46.8803756138279,17.3443783808625,1.22938698058262,0.407238240226941,113.483595475886
"372",0.355823199858951,44.2275742786311,39.5048372997934,9.92912513372817,1.69397028724173,0.316169523513723,85.1853336526719
"373",1.13209673312368,42.5796660400593,21.5747255980069,30.0013149227392,1.47984516388549,0.318132987074055,82.6082151813766
"374",2.2727636082216,75.4723564024082,48.414887992931,8.27205009385496,1.58179126353976,0.361133155249915,106.537672385124
"375",1.50042630087174,34.1660611700861,29.325624646629,25.5781441018816,2.75939591813005,0.411503992315646,83.5608182368229
"376",2.76784775078684,56.0426650945899,30.628684076564,6.78892780441294,2.70163608247171,0.432109679588925,111.542161589358
"377",1.97856381129463,48.9924404755838,16.8860624519249,35.8648159761826,7.07126788766815,0.339299183191277,102.146185112262
"378",1.07467958090564,64.2903096299613,33.3379498959059,37.6718284504076,7.32532259085914,0.292750134618062,108.549482204098
"379",1.67856722814787,28.9913232592101,12.0464742617505,17.5755119918528,4.97376401456799,0.330342153276593,104.327471430387
"380",4.50003197250252,33.4341260622791,19.5130327894814,5.71982494403406,2.60249745526748,0.272092139302326,107.678933644321
"381",1.93106343161964,41.8246437000559,34.7915362244929,27.9259049102147,0.883220179570215,0.323562599908814,97.3463100849865
"382",4.67712547655925,52.4986676585856,33.181692828104,10.7783581816704,2.5386317007403,0.320987137921376,92.9799307951913
"383",4.76047430433646,25.0267469051439,33.9582852512282,13.8727407137783,0.89738608690234,0.247795536283599,103.874837713349
"384",1.26610416318123,53.6826692353222,30.9522228154054,18.2623787096773,2.32769282883954,0.394311238491215,88.1600331918555
"385",0.285919646464979,50.4216340019412,33.6082269826021,15.8013474606593,2.70922877321259,0.257789088213819,97.0516019159348
"386",4.89984026063633,66.2117301691274,18.093458147346,12.6205511536864,3.61781348977734,0.321205657212647,107.080091510328
"387",3.92442058356228,45.8025204116614,35.5890784608329,11.8606880872791,1.31238259643122,0.327500270405661,124.027716428394
"388",0.475211322388241,97.5754156684027,7.40659521444957,27.0773952230897,3.23838766084336,0.391778021319334,93.8793182549371
"389",1.66141063904453,36.3127564436409,30.8760604780341,11.1783971021381,2.26922897223966,0.41808690844875,101.444930599865
"390",7.64343671772097,29.5045749019049,18.2605322695192,24.5627788471182,2.03531237917025,0.285247406364534,95.5375187539802
"391",0.411500447617814,50.6756229003468,10.8297956370202,13.674921161674,2.6568594974649,0.340250086543923,97.8262262768666
"392",4.9446472215982,29.2942433611965,27.8564201524989,30.0170763842058,7.41804191398964,0.525729454528742,109.846780861777
"393",0.864783805731526,61.1824986293938,59.2690636534568,17.3790088124314,2.75873111574554,0.422863978541387,110.519059874684
"394",3.92752924137376,42.0618428046659,20.1379540262707,23.4751589804471,2.47581341909427,0.294582789091159,110.019691546901
"395",16.9301658693216,47.378431843086,20.4998019341724,13.6421653415051,2.04757025680793,0.335889783661751,103.844399598979
"396",3.11039889237125,45.7385482013192,55.470902958512,11.8920049184978,3.3430462151361,0.414252326971493,92.5518253049821
"397",3.15944974924032,40.8519394239227,13.6389094261672,11.6370835011794,0.777390163517526,0.300100386067503,122.072885563342
"398",1.02131686445897,64.0632263792494,8.16635927013492,9.75019972402848,0.73178022999378,0.305637086050153,109.692712195981
"399",1.42935687085986,29.041616920449,46.3687230615753,31.0417871292809,0.473431648113991,0.3085485540298,89.5089254567937
"400",4.07918234150393,26.0929500560994,29.2600786461015,6.05646123363469,3.9179066445433,0.332852764987213,112.649829210129
"401",2.82755970224896,52.3023723636031,37.1754812142451,10.8160726037158,4.55853571799767,0.311531334925252,98.3650601303645
"402",2.06880625072267,77.3467196158084,48.6618053782388,11.3836995003881,1.66437604133282,0.40409564797595,99.9514427724844
"403",1.13374748350001,41.4512945317874,37.4245357156445,15.9508015513533,1.51903814838627,0.436533845417977,106.814072254541
"404",4.45312723614459,33.9571498371128,19.1439495708312,26.7881748430559,3.00387870473033,0.292382386727392,97.4235773560038
"405",4.38789353595201,42.2820504795196,41.764010056217,21.5976029699746,4.71901449675278,0.213921531057176,114.166520698294
"406",4.77387982376283,52.5694477412604,40.3373847137179,18.1998545512528,17.6460245867581,0.431583649520127,93.8231986617776
"407",2.9309230484639,46.4055879852194,42.8267798111087,8.43682174738352,0.661601490055342,0.314582437455849,96.3697408023154
"408",6.31612029032703,57.360850915376,35.5058033520426,5.27762705417276,5.59997128602557,0.398046591395978,117.130880872634
"409",1.76101299267621,92.6973633805593,22.7675931085371,11.3593256147257,1.87442128687349,0.335645137050385,98.5391291317945
"410",3.96071234483175,49.9914186736704,24.8171965122463,21.2709633333604,2.28024269408389,0.349773279059224,98.6721887961882
"411",1.19910264409556,36.2783360871776,30.6954854401139,21.4102479776835,5.34207917767596,0.359630217898344,89.5350831500069
"412",4.96897541189103,43.9638147088669,42.3295331445396,5.280383860956,1.92300350515582,0.310707256551444,99.4089376488132
"413",0.722868019535824,42.1910368415289,30.2861890327979,7.46719101344608,2.3716575815668,0.273709697201569,77.2410060949292
"414",2.5348333126834,27.0514491671795,29.8399286619318,18.3281768881027,2.03541588357706,0.376754562750209,100.926414377681
"415",0.786301871125427,50.2406759463126,52.8845741177546,24.0001870675545,2.88172792909568,0.33091605655278,123.052326184038
"416",0.748740575792511,28.8420564940832,25.1061493224676,17.0311321175168,7.50418805976584,0.337603018659633,95.9467840647813
"417",5.19949141292692,29.6050644111683,15.781731233629,21.414063168263,1.61848704408825,0.424182456360638,106.814209610791
"418",1.53087229614336,51.8368787228302,38.5226290771014,4.7424512401349,1.04654539016349,0.377429178065419,100.93270908834
"419",0.477414201749888,26.6165847376188,10.8246531449062,9.43091326091271,3.40532571790736,0.259041357973489,96.3336944611128
"420",1.32570957607087,30.8184896805428,36.1096725181023,23.1275244651252,2.51024812076207,0.405588647250438,111.221756171165
"421",3.16812488744671,81.3481871119858,50.3465145678121,10.2032741635095,4.16816259803569,0.388035162455891,96.0972791335982
"422",2.9599342370695,51.3544698858147,43.6994957956535,27.4682794966416,3.54874269921264,0.300228569541939,110.005415928604
"423",3.22595226267397,60.9387550094054,20.4910605280881,16.970471329692,2.51807735712671,0.319448964506156,83.7534232057194
"424",2.51689634603684,52.0902985483885,27.5579258542694,11.0561384155458,4.35589259767208,0.366924983277478,97.7369039784361
"425",2.75794004030265,58.9936092332247,13.7676508741718,17.2892761377182,2.40738144085653,0.311001037728637,114.892773694916
"426",0.280172993120875,41.9242004246629,50.6319864923514,4.60954372300484,0.855761723455083,0.312720467314241,100.016850181111
"427",0.787306576254863,53.5032894482518,17.1523604561449,1.56965970802474,1.5824447348835,0.311466088109807,112.217791373276
"428",0.599226772933612,36.1543563845106,37.7119214036288,24.9357812917357,2.49157513388201,0.341913120140548,105.192254527282
"429",4.23047648621781,45.6353455761479,40.5124049179557,17.281840354154,2.03661832950313,0.362363590264549,103.937172869763
"430",1.72170655453567,67.3160916186917,12.1375028305357,13.6440653269329,1.51629817586799,0.373853189001637,108.168941191382
"431",2.79640208879832,50.8883234350483,21.7662747083331,4.96555844428972,2.05273738241586,0.32837254838287,113.298255207616
"432",2.30177868519907,42.3834630372134,29.3365438037468,5.75143190816015,1.30700261634568,0.420327449219585,100.727052482318
"433",6.26311883751483,51.0683766765421,39.382071334943,17.3361697824214,1.41412474943881,0.413773829061313,94.1161555178917
"434",1.58955418403121,52.6064113645804,50.2480351781399,8.51672064516967,1.39876124292596,0.305206446008671,95.5929299506224
"435",5.68635401299103,35.0902512682251,20.3462253948218,37.6403885896072,0.515004192650241,0.281846522709982,106.075863283055
"436",0.715095576675532,35.4685484601208,52.7289591533724,18.202070364993,8.44685890065484,0.289165550582494,109.632818711724
"437",0.981954845710536,43.9977574047979,32.1920987774032,16.34853350468,2.35757038436669,0.352429566346661,103.751331355517
"438",4.63270697442548,50.0278206582945,3.26048680453351,17.4321089706216,2.5363988082722,0.260408385796417,92.755858531472
"439",1.57902847311396,61.1298205264651,30.0860955102872,9.41707576565175,2.67987123437772,0.406312757666897,105.480936669248
"440",9.78408785133085,24.1574231991709,16.3218509692957,13.8167073394368,0.590163025134096,0.298721507062559,85.8211688330667
"441",2.95639333536628,29.3412477625185,29.7012930246871,11.7262224810417,2.04920231722095,0.282027650129284,105.45146504645
"442",1.42802625961347,34.0568049662511,41.3123002741483,14.6228321869501,1.84270236226899,0.324891380995456,105.790806753388
"443",1.48686027126311,36.9674991273028,52.8913271220994,7.60176096854947,3.54895813809211,0.316481863251387,87.1362197296303
"444",3.44673606678169,29.7118554063259,28.1123463483479,25.3591983363258,0.612579406397264,0.367077010751532,107.3967892571
"445",1.86113894647259,40.7828927389829,19.9259878715605,20.793176529314,1.8864476673341,0.259787565869876,108.175869879908
"446",3.12901947730104,55.4906695074637,59.127143062862,12.6344782469035,1.19889066803288,0.325783580327167,111.273768291064
"447",5.38594433429114,43.7949306953751,31.2627347963511,34.8843469137479,0.8798128024677,0.340137358685835,96.1824449700035
"448",2.91983875147324,56.583118834831,44.3971666728544,17.5583089474609,5.89362904600143,0.28786594660646,104.939511470263
"449",2.8175319450657,43.890518278148,9.6579271946424,12.256970557149,1.75715148400482,0.384930080692777,106.669285520801
"450",15.406926195984,59.9240072428546,53.0365809363711,14.9262076162888,1.9565209823561,0.413376611364708,115.448591622093
"451",2.13756421738705,71.1241755041745,38.4329878794314,5.75518042576897,3.63544676079424,0.359164351420524,109.124956989121
"452",3.56870584044022,54.0901527488383,31.0550506840703,15.2089009261973,3.10218080068027,0.341195301318381,73.9828391504039
"453",4.10792294528381,37.0002835331223,23.3722965038667,27.977374781105,4.96057167786726,0.320971400714418,90.6000233218987
"454",1.94035393767619,32.7178302541767,9.51219515570407,21.5448711971583,5.9602247526125,0.388202337126046,96.8520284204144
"455",1.57339889435272,44.0930663571771,14.0432363846816,27.0785153545533,0.466005395161551,0.351491669760908,89.5805807566302
"456",1.7343187609349,72.4321716898753,30.679553254286,31.0029503135889,0.81216009307316,0.368737653544293,110.75194960924
"457",2.62520170884503,31.6463493780657,9.27314230468359,33.7175315355105,5.17339777878719,0.28096288814839,114.455092810415
"458",5.51409178142343,31.6465114634529,8.11245130932008,15.4427171462384,3.0426010807485,0.342507996678052,100.159235537998
"459",2.91773768594153,53.3977980948936,15.1318166087988,24.719432683286,0.98369314761888,0.278375520391006,105.993159140652
"460",2.77036025778714,44.9050259491017,34.474436200697,26.625201714181,2.67426367698685,0.427671363090028,111.049458949547
"461",1.98669616482881,46.1902061131798,55.5611306142861,11.012758501895,1.19313423450709,0.317958097392085,100.557373184355
"462",1.19870775871692,29.4493848839196,20.0156886328475,29.0618428094709,1.58734981083967,0.346378307486498,89.4905681614333
"463",3.25257111635322,43.1561883614419,67.2918845164965,25.9631202074044,0.958852733572565,0.326992268553328,111.883978850484
"464",2.1938738453557,45.617486815619,52.8261686926808,22.8903557720904,1.27333432266948,0.365621694741652,112.174423758125
"465",1.49864993182775,52.1331945726279,22.1919444257309,4.87590328647518,2.46209824909388,0.339579938030454,98.6555793247966
"466",16.0465399078555,52.1026722079986,52.6057607509443,20.3903416038622,0.681725265218427,0.326665274012479,117.855441083752
"467",1.02228449212376,39.3458713847888,74.1977014086147,11.6290720610434,9.10875778943827,0.379112555016904,93.3129467379037
"468",0.938889002256662,31.6452565984521,27.2388531709866,19.084109145721,2.15407464770874,0.370605562873913,96.8517812511305
"469",9.48261766247185,70.7580536903955,21.89201016676,18.756057177907,4.18022070266018,0.339490092240134,114.447667542432
"470",7.65294923626462,38.5780933193878,31.5038077206766,29.2924050994995,1.38277487543577,0.267493953353263,100.81424037996
"471",1.09131760996417,49.2753283732235,65.8839851987762,5.08164865327849,1.12140856357288,0.342581396912117,113.266851286566
"472",2.39117005464265,35.8213738795538,24.135341246165,19.6812594988535,1.30219031847613,0.390103089558774,83.5445329016563
"473",3.8911549008417,33.7304973376827,20.6342548229147,22.5191764379785,2.7933927645998,0.43604765902136,119.05177076311
"474",3.40639691282519,48.583647538283,41.0688410700375,22.0495988924357,0.678491507248417,0.288316624510894,116.304789073504
"475",19.4213650763016,64.2322157785472,28.7186922826962,20.7151033463025,3.13146983944076,0.383046678541969,90.583355453006
"476",2.95192710134748,54.2771343293747,27.0968913158611,4.30918894727985,0.660472505911638,0.385500315882745,95.3168193595965
"477",3.40433090348114,62.7831381614259,27.7304490305525,21.0780357298424,1.18719750710817,0.317435357546436,107.923605561757
"478",0.848313763804912,43.0972676612211,31.0562993084082,10.221410337844,2.73053162527615,0.318416910591284,116.443934884372
"479",5.72028925403416,46.7353529410644,16.7209602313833,27.3958875568386,1.38812009699792,0.396548871958466,125.393293880993
"480",1.95303778275351,42.4765778139093,32.4687555910433,9.2231768316618,0.87849830357421,0.291968705999715,104.567193936324
"481",2.45049234454032,40.3684570628009,33.6482700965036,6.69030857879289,0.58244119497492,0.282678994366409,97.2591038627812
"482",1.25398442239041,29.7252859612338,107.801340007085,17.4583897141827,3.66462034528954,0.418506357015907,101.542195080155
"483",24.1926097839755,32.0177662770923,21.9237992203146,16.1632931831301,2.75267402396885,0.385744933760783,125.588547878525
"484",0.883032636934088,40.1249468358977,42.4322377255327,4.67561739626245,2.02147582887537,0.293659949912631,88.5838742869616
"485",11.6781509912687,56.0664953941766,45.6497363889106,5.46716679241639,1.06709692396374,0.333259128942746,117.809296381135
"486",3.10245656980539,57.9584320422571,23.7314407832552,7.16898582107093,1.98709784653015,0.359857248814733,113.667789123423
"487",0.96019504289879,60.3379353075734,60.8322223424755,11.0028678708308,1.94432584802282,0.415409168592103,127.317206061898
"488",1.00816249651842,80.7841024913804,21.1733515961533,2.7705314165552,7.49836468584575,0.303445884377746,117.829255269732
"489",4.43442962383524,18.5938086607212,33.9155621030131,18.2122367529343,3.05687778219954,0.320719954914582,89.0943753610588
"490",1.40940570195957,58.4637322034722,14.7316684878445,9.58713587617718,0.297577901186596,0.464439661516557,89.2730598341411
"491",1.86074132616245,28.6050733089393,20.0224936693968,12.5996106948495,3.02502782973987,0.342074067515713,106.543864487303
"492",2.80878182120078,39.0975156681949,28.7990501992482,18.5466868126513,0.917829368287059,0.446534646428322,105.970085228523
"493",10.787133243129,53.1743393348172,31.3347758754451,13.535469044937,2.73051043514405,0.385192157212777,91.0531451206116
"494",1.68778258138883,50.0366409623934,64.8926872556133,10.2589576528816,3.5790474687755,0.325380935189224,91.2450657771143
"495",1.94364058750222,39.0811870050863,8.5106729228858,13.4806377577274,2.06664675750014,0.365292125344574,85.7826006193555
"496",3.15292020681506,61.0247518024643,13.7079161898294,4.43793557067112,16.6347878238451,0.382223367053944,119.217994586105
"497",5.52961295994542,44.3043838785295,15.4265561836102,13.1117597627146,1.24575767818361,0.308572210713329,96.2406021915359
"498",2.341014734148,47.6826392387911,28.0255850544677,14.2884523197626,2.96448437420145,0.432110292542581,101.438804161459
"499",1.65125892166096,61.6290445333692,29.8536416160232,20.8717318485444,1.4881661837821,0.295957550621686,101.948020083664
"500",2.45662587232372,37.1134720039946,27.0813194032801,34.2762125912741,0.612760832822169,0.381397156010376,106.242558434197
